526042 526043 526037 526038 526039 526035 526036 532733,0.001169165659556223,0.012637500000000001,3.160498857498169
768173 768172 768171 768170 768169,0.0011599302523338094,0.0043,3.0028152465820312
11884 11885 11886 750634 750690 750655,0.002132821432736141,0.009354166666666667,3.772585153579712
761303 857760 857786,0.0009653708415752215,0.004233333333333333,3.2183239459991455
362851 362850 362059,0.000939798971430823,0.0034666666666666665,2.418208360671997
477151 477150 477149,0.00040907201940764977,0.00055,4.18779730796814
662956 662955 662954,0.0012848118331546515,0.0047,2.7717278003692627
820095 820094 820093 820092 820091,0.0015370935502773784,0.0068,3.0793824195861816
306085 306084 306083 269685 269686,3.749198655696949e-05,0.00023333333333333333,3.773238182067871
483614 483613 481097 481096 480504 480505 480506,0.0019666784445430308,0.0102625,2.4076578617095947
901408 901409 901426 901425 901424,0.0009595238406781037,0.004233333333333333,3.771031379699707
293542 293541 233005 233004 233003,0.00033395171786441887,0.0017333333333333333,2.4028282165527344
266098 266097 266096 266095 266094,0.00039666728396916287,0.0015666666666666665,3.7605960369110107
366077 366078 366079 366080 366081 366432 366431 731798,0.004128080778693454,0.015166666666666665,2.4084839820861816
845585 845586 845587 845588 845589,0.006179068676971913,0.007944444444444445,3.777599334716797
863616 863617 863618 863619 863620 863621 863622 863623 863624 863625 863626 863627 863628 863629 863630 654126 654127 654128 654129,0.005676523299655675,0.0078375,2.4352641105651855
322551 322550 322549,0.0001065541035256624,0.00036666666666666667,3.767843008041382
211368 211367 211366 211365,8.878926955483985e-05,0.0001,3.187903642654419
697950 697951 697952 697953 697877 697876 697875,0.0043491798859370216,0.008655555555555555,2.4105842113494873
482319 482318 484610 484611 484612 484613 484614 484615 484616 480663,0.00238457574270032,0.011266666666666666,3.0529379844665527
606508 750874 936428 706481 706482 706483 706484 706485 706486 706487 605954 706488 706489 706490 29232,0.010124309836761311,0.015062500000000003,3.8158130645751953
715959 715958 715957 715956 715955,0.0011419642546262264,0.0016625,2.5266261100769043
513137 513136 174682 174681,0.0013883854469371568,0.005703030303030303,3.919275999069214
384930 385942 385943 385944 385945 385946 385947,0.0008755463989861978,0.0012000000000000001,3.2018895149230957
920547 921120 921121 920550 921122,0.001881307120724493,0.007433333333333335,2.4389777183532715
111390 111391 111392 111393 111394,0.0011233466433181202,0.004066666666666666,3.7864997386932373
699810 575295 25986 25987 25988 25989 25990 25991 25992 25993 25994 25995 25996 25997 25998 479318 479319 479320 479321 528129 528130,0.0034001190788640737,0.016418055555555557,2.4282989501953125
916177 916178 916179 916149 916232 596916 596917 596918 596919 596920 596921 596922,0.0015739800904113095,0.0021374999999999996,3.065481662750244
84124 84141,3.1237370454950176e-05,0.0001,3.79367995262146
448061 448060 448059,0.0003917165313331609,0.0014,3.24135422706604
414547 414546 414545 414544 414543 414542 414541 414540 414539 414538 414537,0.005311125874212999,0.007537500000000001,2.420487880706787
223 224 225 226 240 864774 864775 79166 864776 864777 864778 864779,0.0008949219427315522,0.0020125000000000004,3.886375665664673
648253 648254 648277 648228 62264 62263 62262 62261 62260 62259 62244 62245 62246 62247 62304 62305 62306 62307 62308 62292 62293 62294 62309 62310 62311 648251,0.003414042341851107,0.010829166666666664,2.414658784866333
608734 608735 608736 608737 608738 608739 608740,0.0002052651277154451,0.0007333333333333334,3.050555944442749
327810 198630 198631 198632,0.00019060353195892574,0.0009333333333333333,3.7312400341033936
722879 533742 533741 533755 533756,0.002282977453824874,0.008373333333333333,3.191348075866699
904664 221185 240444 240443 240442 240441 240440 240439,0.0019926472949778735,0.0070041666666666655,2.411404609680176
299733 248546 248545 248544 255021,0.0008509579354033721,0.003933333333333334,3.7726893424987793
718205 718204 718203,0.0014074825914516683,0.001925,2.453831672668457
350442 350441 350440 350439 350438 350437 350436,0.0006076948349855655,0.0021999999999999997,3.0099451541900635
826786 826785 826784 826783 826782 514703 514704 514712 514700 514699 514698 514697 514696,0.004165293384035029,0.023733333333333332,3.737549304962158
195984 195983 195982 195981 195980 195979 195978,0.00021265403405828592,0.0006000000000000001,3.18896484375
38201 38202 38203,0.001097152477698059,0.0013333333333333333,2.4353489875793457
649010 649009 649008 649007 649006 649005 649004 649003 649002,0.0008232325019889948,0.0011000000000000003,3.822732925415039
6488 6489 6490 6491 6492 16172 869997 530527 569509 530511 569510 569511 569512 569513 569514 569515 530506 569516 530508,0.001870760105155807,0.00862,2.4529035091400146
421146 421145 421144 421143 421142,0.00018553378007492194,0.0006000000000000001,3.0362894535064697
374091 374092 374093 374094 731628 731629 731630,0.0009248546068590136,0.0046,3.7906477451324463
287765 261533 261532,0.0007702572328866585,0.0038333333333333336,3.2093827724456787
478584 478585 609030 609031 609032,0.0006249348766250509,0.0012166666666666667,2.450470209121704
944324 944325 944326 810808 810809 944336 944335 944334 944333,0.003085494549258797,0.012966666666666668,3.8457446098327637
129383 129384 129385 129386 129387 129388 129389,0.0007894113869003827,0.0028,2.4369161128997803
705604 705605 705606,0.002118060675184343,0.002588888888888889,3.062229633331299
314245 314244 314243,0.00036855266423960046,0.0013333333333333333,3.745814561843872
827148 827147 827150,0.0022500071315772127,0.009566666666666666,3.1865291595458984
153788 153789 153790 153791 153792,7.429644359574414e-05,0.00030000000000000003,2.416470766067505
21577 10972 10971,0.0005936835681488591,0.0022375000000000003,3.834735155105591
875257 875256 875255,0.0001516790469357636,0.0005333333333333334,2.453636884689331
534044 534045 534043 466055,0.0025492572915500307,0.009333333333333332,3.053133726119995
258066 258065 258064,7.617465983837252e-05,8.750000000000001e-05,3.76191782951355
873438 873465 873466 873467 873468 873469 873470 873471 871938 871954 535091 871943 871944 690 871945 540702 537833 540703 540704 540705 540706,0.002258599780861716,0.0067083333333333335,3.2406105995178223
356288 356287 356286 356285 356284 356283 356282 189529 189528 189527 189526 189525 189524,0.0017533869239001385,0.0071,2.4412078857421875
190440 190439 190438,0.0003837155823030247,0.0013666666666666666,3.821397542953491
245404 245405 245406 245407 245408 245409 245410,0.00011081054405727237,0.0003333333333333334,2.4345803260803223
692774 692775 692760,0.0003577256108119398,0.0004333333333333333,3.0136280059814453
693684 693685 693686 693687 693688,0.0007962531772670341,0.0028666666666666667,3.764002799987793
526751 526752 526753 526754 526755 526756 526757,0.004780651264150261,0.0073375,3.1803693771362305
628107 628106 628105 604737 604738 753695 753694 753693 753692,0.002570821633029225,0.009637499999999997,2.4372594356536865
310223 310224 310225 310226 310227 310228 310229,0.0018095477873874858,0.006600000000000001,3.8141634464263916
52189 52177 52190,0.00012993330314067802,0.000175,2.452348470687866
734466 734467 734468,0.0006625560214363229,0.0009,3.0486650466918945
901519 901520 901521 468204,0.00018018126174975207,0.0002375,3.792248487472534
261193 261192 261191,0.0001727122148932623,0.0006,3.2037434577941895
674866 674865 674864 674863,0.0005360396127107431,0.000775,2.4377169609069824
240792 240791 240790 240789 240788,0.0002765406768316038,0.001,3.9261672496795654
834786 834787 834788 834789 834790 834791 834792 834793 675558,0.0052939512790909065,0.006877777777777779,2.9251363277435303
833779 833778 833777,0.0005212036146087461,0.0019,3.7047736644744873
432163 432164 432165 432166 432167,0.0005894978229721547,0.0021333333333333334,4.798642635345459
792094 792093 792092,0.0007944105259377162,0.0029,4.136286973953247
481370 481369 481368,0.0008247741101945151,0.003033333333333333,3.0347306728363037
528106 820850 820851 820852 820853,0.0008271063126842975,0.0037666666666666664,4.814885854721069
653363 653362 653361 653360 653359 653358 653357,0.0009585308076281248,0.003533333333333333,3.066006898880005
808939 808940 808828 808803 808805 808910 808909,0.0014457622239115971,0.007033333333333333,4.011170864105225
12348 12349 12350 12351 12352 12353 12354 612786 612787 612788 612789 612790 19514 612791 555744 612792 612793 612794 612795 612796 612797,0.019900512694930327,0.0205989898989899,4.977449655532837
786967 786968 786969,0.00023649515393600026,0.0010666666666666667,3.3035147190093994
506518 502353 502352 502351 502350,0.0006391745371693267,0.0029333333333333334,2.508037805557251
778592 778593 476031,0.0002987283621530302,0.0011,3.856689929962158
681416 681417 681418 681419 681420,0.00013153472189200482,0.00014444444444444446,2.471548557281494
847376 847375 847374 847373 847372,0.0017450005894845183,0.0067,3.18918514251709
529462 529463 529464 529465 529466 529467 529468 529469 529470 529471 529472 529473 529474 529475 529476 529477 530468 530469 530470 530471 530472,0.006061978274979073,0.00669,3.812777042388916
674858 674857 674856 674735 674855,0.0015998589304686824,0.002175,3.216632604598999
180328 180327 180326 176850 176851,0.0002641471970560898,0.0040999999999999995,2.457296133041382
642404 642405 642406,0.00010728448259930592,0.0001375,3.850020408630371
659021 659022 659023 659024 659025 659026 659027,0.0008652947242839248,0.0011875000000000002,2.453481674194336
373300 373299 373298 373297 373207 373208 373209,0.001065341044338729,0.006233333333333334,3.0568437576293945
137301 137302 137303 137304 137305,0.00023575969987328285,0.0003125,3.7634575366973877
507188 507187,0.00042858472182731355,0.0015666666666666667,3.2936105728149414
40846 40845,0.0006849424475979768,0.0008333333333333333,2.589036703109741
342487 342488 342489 342490 342491 342492 342493,0.0006025351925397658,0.0022333333333333333,3.834498882293701
79046 79045 79044 79043 79042 588615 588635 588634 588633,0.0006174532101632048,0.008633333333333335,2.4770641326904297
303273 303272 303271 247581 247580,0.0006762968123488523,0.0025333333333333336,3.0514142513275146
